[gd_scene format=3 uid="uid://vk7odd82sqvb"]

[ext_resource type="PackedScene" uid="uid://clt3beo5b25yi" path="res://levels/STORYMAP_3D/story props/stage platform/platform.glb" id="1_0jftd"]

[sub_resource type="Animation" id="Animation_6cr4e"]
length = 0.001
tracks/0/type = "value"
tracks/0/imported = false
tracks/0/enabled = true
tracks/0/path = NodePath("MeshInstance3D:position")
tracks/0/interp = 1
tracks/0/loop_wrap = true
tracks/0/keys = {
"times": PackedFloat32Array(0),
"transitions": PackedFloat32Array(1),
"update": 0,
"values": [Vector3(1.4696966, 0, 0)]
}

[sub_resource type="Animation" id="Animation_4epsw"]
resource_name = "quad_bounce"
length = 1.36
loop_mode = 1
tracks/0/type = "value"
tracks/0/imported = false
tracks/0/enabled = true
tracks/0/path = NodePath("MeshInstance3D:position")
tracks/0/interp = 2
tracks/0/loop_wrap = true
tracks/0/keys = {
"times": PackedFloat32Array(0, 0.6666667, 1.3666667),
"transitions": PackedFloat32Array(1, 1, 1),
"update": 0,
"values": [Vector3(1.47, 0, 0), Vector3(1.6910539, 0, 0), Vector3(1.47, 0, 0)]
}

[sub_resource type="AnimationLibrary" id="AnimationLibrary_fliq3"]
_data = {
&"RESET": SubResource("Animation_6cr4e"),
&"quad_bounce": SubResource("Animation_4epsw")
}

[sub_resource type="PlaneMesh" id="PlaneMesh_7qc20"]
size = Vector2(0.5, 0.5)

[sub_resource type="StandardMaterial3D" id="StandardMaterial3D_0jftd"]
shading_mode = 0

[node name="Node3D" type="Node3D" unique_id=75447616]

[node name="platform" parent="." unique_id=1158258279 instance=ExtResource("1_0jftd")]

[node name="Node3D" type="Node3D" parent="platform" unique_id=727442628]
transform = Transform3D(0.99999994, 0, 0, 0, 1, 0, 0, 0, 0.99999994, 0, 0, 0)

[node name="AnimationPlayer" type="AnimationPlayer" parent="platform/Node3D" unique_id=1043369269]
libraries/ = SubResource("AnimationLibrary_fliq3")
autoplay = &"quad_bounce"

[node name="MeshInstance3D" type="MeshInstance3D" parent="platform/Node3D" unique_id=1520329475]
transform = Transform3D(0.70710677, 0, 0.70710677, 0, 1, 0, -0.70710677, 0, 0.70710677, 1.4696966, 0, 0)
mesh = SubResource("PlaneMesh_7qc20")
skeleton = NodePath("../..")
surface_material_override/0 = SubResource("StandardMaterial3D_0jftd")

[node name="Node3D2" type="Node3D" parent="platform" unique_id=543052505]
transform = Transform3D(-4.3711385e-08, 0, 0.99999994, 0, 1, 0, -0.99999994, 0, -4.3711385e-08, 0, 0, 0)

[node name="AnimationPlayer" type="AnimationPlayer" parent="platform/Node3D2" unique_id=1403343896]
libraries/ = SubResource("AnimationLibrary_fliq3")
autoplay = &"quad_bounce"

[node name="MeshInstance3D" type="MeshInstance3D" parent="platform/Node3D2" unique_id=2023568298]
transform = Transform3D(0.70710677, 0, 0.70710677, 0, 1, 0, -0.70710677, 0, 0.70710677, 1.4696966, 0, 0)
mesh = SubResource("PlaneMesh_7qc20")
skeleton = NodePath("../..")
surface_material_override/0 = SubResource("StandardMaterial3D_0jftd")

[node name="Node3D3" type="Node3D" parent="platform" unique_id=725261803]
transform = Transform3D(-0.99999994, 0, -8.742277e-08, 0, 1, 0, 8.742277e-08, 0, -0.99999994, 0, 0, 0)

[node name="AnimationPlayer" type="AnimationPlayer" parent="platform/Node3D3" unique_id=1552411721]
libraries/ = SubResource("AnimationLibrary_fliq3")
autoplay = &"quad_bounce"

[node name="MeshInstance3D" type="MeshInstance3D" parent="platform/Node3D3" unique_id=746567425]
transform = Transform3D(0.70710677, 0, 0.70710677, 0, 1, 0, -0.70710677, 0, 0.70710677, 1.4696966, 0, 0)
mesh = SubResource("PlaneMesh_7qc20")
skeleton = NodePath("../..")
surface_material_override/0 = SubResource("StandardMaterial3D_0jftd")

[node name="Node3D4" type="Node3D" parent="platform" unique_id=834716934]
transform = Transform3D(1.192488e-08, 0, -0.99999994, 0, 1, 0, 0.99999994, 0, 1.192488e-08, 0, 0, 0)

[node name="AnimationPlayer" type="AnimationPlayer" parent="platform/Node3D4" unique_id=1246813238]
libraries/ = SubResource("AnimationLibrary_fliq3")
autoplay = &"quad_bounce"

[node name="MeshInstance3D" type="MeshInstance3D" parent="platform/Node3D4" unique_id=722935344]
transform = Transform3D(0.70710677, 0, 0.70710677, 0, 1, 0, -0.70710677, 0, 0.70710677, 1.4696966, 0, 0)
mesh = SubResource("PlaneMesh_7qc20")
skeleton = NodePath("../..")
surface_material_override/0 = SubResource("StandardMaterial3D_0jftd")

[editable path="platform"]
